test: 	12645	455	1885	133	239	67	378	144	348	90
train:	186978	3277	8202	1034	1438	759	2618	719	1880	495

Xtrain.shape, 		Xtest.shape, 		ytrain.shape, 		ytest.shape
((20422, 25, 25, 15), 	(3739, 25, 25, 15), 	(20422,), 		(3739,))


              precision    recall  f1-score   support

           0       0.88      0.92      0.90       455
           1       0.99      1.00      1.00      1885
           2       0.87      0.36      0.51       133
           3       1.00      0.94      0.97       239
           4       1.00      1.00      1.00        67
           5       1.00      1.00      1.00       378
           6       1.00      0.67      0.80       144
           7       0.74      0.98      0.84       348
           8       1.00      0.91      0.95        90

    accuracy                           0.95      3739
   macro avg       0.94      0.86      0.89      3739
weighted avg       0.95      0.95      0.94      3739