test:	[4213	64	200	179	96	153	359	334	1014	662	374	0	139	126	100	526	165]
train:	[84064  1294	2718	1054	780	1321	1561	1277	5614	2248	1160	972	1149	388	499	4082	923]

Xtrain.shape,		Xtest.shape, 		ytrain.shape,	ytest.shape
((27040, 25, 25, 15),	(4491, 25, 25, 15),	(27040,), 	(4491,))


              precision    recall  f1-score   support

           0       1.00      1.00      1.00        64
           1       1.00      1.00      1.00       200
           2       1.00      1.00      1.00       179
           3       1.00      1.00      1.00        96
           4       1.00      1.00      1.00       153
           5       1.00      1.00      1.00       359
           6       1.00      1.00      1.00       334
           7       0.87      0.88      0.87      1014
           8       1.00      1.00      1.00       662
           9       1.00      1.00      1.00       374
          11       1.00      1.00      1.00       139
          12       1.00      1.00      1.00       126
          13       1.00      0.99      0.99       100
          14       0.76      0.74      0.75       526
          15       1.00      1.00      1.00       165

    accuracy                           0.94      4491
   macro avg       0.98      0.97      0.97      4491
weighted avg       0.94      0.94      0.94      4491


