SA + PCA(20), windowSize = 9:
              precision    recall  f1-score   support

           0       0.99      1.00      0.99       523
           1       1.00      1.00      1.00      1179
           2       1.00      0.99      1.00       633
           3       0.96      0.99      0.98       355
           4       0.99      0.98      0.99      1094
           5       1.00      1.00      1.00       928
           6       1.00      1.00      1.00       934
           7       0.94      0.92      0.93      2644
           8       1.00      1.00      1.00      1531
           9       0.96      0.99      0.98       993
          10       0.94      1.00      0.97       187
          11       1.00      1.00      1.00       645
          12       0.98      1.00      0.99        83
          13       1.00      0.99      0.99       415
          14       0.91      0.92      0.92      1893
          15       0.92      0.92      0.92       354

    accuracy                           0.97     14391
   macro avg       0.97      0.98      0.98     14391
weighted avg       0.97      0.97      0.97     14391



SA no PCA, windowSize = 9:
              precision    recall  f1-score   support

           0       1.00      0.99      1.00       629
           1       0.99      1.00      1.00       952
           2       0.52      0.88      0.66       392
           3       0.89      1.00      0.94       191
           4       0.98      0.62      0.76       978
           5       0.98      1.00      0.99      1385
           6       0.98      1.00      0.99      1037
           7       0.89      0.75      0.81      3215
           8       1.00      1.00      1.00      1695
           9       0.84      0.96      0.89       552
          10       0.88      1.00      0.93       128
          11       1.00      0.98      0.99       601
          12       1.00      0.98      0.99       294
          13       0.99      1.00      1.00       113
          14       0.64      0.84      0.72      1641
          15       0.99      0.93      0.96       441

    accuracy                           0.89     14244
   macro avg       0.91      0.93      0.91     14244
weighted avg       0.91      0.89      0.89     14244


SA + PCA(20), windowSize = 11:
              precision    recall  f1-score   support

           0       1.00      0.99      1.00       345
           1       0.99      1.00      0.99      1192
           2       1.00      1.00      1.00       541
           3       0.99      1.00      0.99       464
           4       0.94      1.00      0.97       482
           5       1.00      1.00      1.00      1176
           6       1.00      1.00      1.00      1030
           7       0.99      0.87      0.92      2922
           8       1.00      1.00      1.00      1469
           9       0.98      1.00      0.99       583
          10       1.00      0.99      0.99       297
          11       0.99      1.00      1.00       352
          12       1.00      0.99      0.99       266
          13       1.00      0.98      0.99       386
          14       0.80      0.97      0.88      1304
          15       1.00      1.00      1.00       419

    accuracy                           0.97     13228
   macro avg       0.98      0.99      0.98     13228
weighted avg       0.97      0.97      0.97     13228

SA no PCA, windowSize = 11
              precision    recall  f1-score   support

           0       0.00      0.00      0.00       437
           1       0.00      0.00      0.00       939
           2       0.00      0.00      0.00       378
           3       0.00      0.00      0.00       297
           4       0.00      0.00      0.00      1180
           5       0.00      0.00      0.00       676
           6       0.00      0.00      0.00      1051
           7       0.00      0.00      0.00      2812
           8       0.10      1.00      0.18      1270
           9       0.00      0.00      0.00       142
          10       0.00      0.00      0.00       476
          11       0.00      0.00      0.00       219
          12       0.00      0.00      0.00       170
          13       0.00      0.00      0.00       340
          14       0.00      0.00      0.00      2010
          15       0.00      0.00      0.00       285

    accuracy                           0.10     12682
   macro avg       0.01      0.06      0.01     12682
weighted avg       0.01      0.10      0.02     12682